

 --- Rician pdf for K=8  ---
  -0.9491192 
  -0.9728017 
  -0.9973453 
  -1.0227746 
  -1.0491135 
  -1.0763860 
  -1.1046155 
  -1.1338248 
  -1.1640360 
  -1.1952707 
  -1.2275490 
  -1.2608903 
  -1.2953126 
  -1.3308324 
  -1.3674645 
  -1.4052221 
  -1.4441161 
  -1.4841555 
  -1.5253468 
  -1.5676939 
  -1.6111979 
  -1.6558569 
  -1.7016659 
  -1.7486166 
  -1.7966973 
  -1.8458919 
  -1.8961812 
  -1.9475417 
  -1.9999458 
  -2.0533620 
  -2.1077541 
  -2.1630820 
  -2.2193023 
  -2.2763648 
  -2.3342173 
  -2.3928030 
  -2.4520625 
  -2.5119308 
  -2.5723414 
  -2.6332245 
  -2.6945075 

 --- Rician pdf for K=8  ---
  -0.9491192 
  -0.9728017 
  -0.9973453 
  -1.0227746 
  -1.0491135 
  -1.0763860 
  -1.1046155 
  -1.1338248 
  -1.1640360 
  -1.1952707 
  -1.2275490 
  -1.2608903 
  -1.2953126 
  -1.3308324 
  -1.3674645 
  -1.4052221 
  -1.4441161 
  -1.4841555 
  -1.5253468 
  -1.5676939 
  -1.6111979 
  -1.6558569 
  -1.7016659 
  -1.7486166 
  -1.7966973 
  -1.8458919 
  -1.8961812 
  -1.9475417 
  -1.9999458 
  -2.0533620 
  -2.1077541 
  -2.1630820 
  -2.2193023 
  -2.2763648 
  -2.3342173 
  -2.3928030 
  -2.4520625 
  -2.5119308 
  -2.5723414 
  -2.6332245 
  -2.6945075 

 --- Rician pdf for K= 0.00  ---
  -0.7933774 
  -0.8076339 
  -0.8221944 
  -0.8370579 
  -0.8522229 
  -0.8676877 
  -0.8834503 
  -0.8995074 
  -0.9158565 
  -0.9324942 
  -0.9494167 
  -0.9666208 
  -0.9841009 
  -1.0018529 
  -1.0198720 
  -1.0381530 
  -1.0566876 
  -1.0754754 
  -1.0945091 
  -1.1137813 
  -1.1332867 
  -1.1530190 
  -1.1729719 
  -1.1931355 
  -1.2135098 
  -1.2340853 
  -1.2548558 
  -1.2758147 
  -1.2969557 
  -1.3182724 
  -1.3397584 
  -1.3614077 
  -1.3832140 
  -1.4051713 
  -1.4272737 
  -1.4495155 
  -1.4718909 
  -1.4943943 
  -1.5170206 
  -1.5397643 
  -1.5626204 

 --- Rician pdf for K= 4.00  ---
  -0.9060737 
  -0.9267189 
  -0.9479991 
  -0.9699232 
  -0.9924992 
  -1.0157338 
  -1.0396329 
  -1.0642010 
  -1.0894412 
  -1.1153552 
  -1.1419431 
  -1.1692034 
  -1.1971329 
  -1.2257266 
  -1.2549776 
  -1.2848771 
  -1.3154149 
  -1.3465765 
  -1.3783486 
  -1.4107140 
  -1.4436536 
  -1.4771466 
  -1.5111699 
  -1.5457011 
  -1.5807070 
  -1.6161658 
  -1.6520455 
  -1.6883147 
  -1.7249408 
  -1.7618902 
  -1.7991280 
  -1.8366193 
  -1.8743283 
  -1.9122189 
  -1.9502551 
  -1.9884012 
  -2.0266217 
  -2.0648820 
  -2.1031478 
  -2.1413869 
  -2.1795678 

 --- Rician pdf for K= 8.00  ---
  -0.9491192 
  -0.9728017 
  -0.9973453 
  -1.0227746 
  -1.0491135 
  -1.0763860 
  -1.1046155 
  -1.1338248 
  -1.1640360 
  -1.1952707 
  -1.2275490 
  -1.2608903 
  -1.2953126 
  -1.3308324 
  -1.3674645 
  -1.4052221 
  -1.4441161 
  -1.4841555 
  -1.5253468 
  -1.5676939 
  -1.6111979 
  -1.6558569 
  -1.7016659 
  -1.7486166 
  -1.7966973 
  -1.8458919 
  -1.8961812 
  -1.9475417 
  -1.9999458 
  -2.0533620 
  -2.1077541 
  -2.1630820 
  -2.2193023 
  -2.2763648 
  -2.3342173 
  -2.3928030 
  -2.4520625 
  -2.5119308 
  -2.5723414 
  -2.6332245 
  -2.6945075 

 --- Rician pdf for K= 0.00  ---
  -0.7933774 
  -0.8076339 
  -0.8221944 
  -0.8370579 
  -0.8522229 
  -0.8676877 
  -0.8834503 
  -0.8995074 
  -0.9158565 
  -0.9324942 
  -0.9494167 
  -0.9666208 
  -0.9841009 
  -1.0018529 
  -1.0198720 
  -1.0381530 
  -1.0566876 
  -1.0754754 
  -1.0945091 
  -1.1137813 
  -1.1332867 
  -1.1530190 
  -1.1729719 
  -1.1931355 
  -1.2135098 
  -1.2340853 
  -1.2548558 
  -1.2758147 
  -1.2969557 
  -1.3182724 
  -1.3397584 
  -1.3614077 
  -1.3832140 
  -1.4051713 
  -1.4272737 
  -1.4495155 
  -1.4718909 
  -1.4943943 
  -1.5170206 
  -1.5397643 
  -1.5626204 

 --- Rician pdf for K= 4.00  ---
  -0.9060737 
  -0.9267189 
  -0.9479991 
  -0.9699232 
  -0.9924992 
  -1.0157338 
  -1.0396329 
  -1.0642010 
  -1.0894412 
  -1.1153552 
  -1.1419431 
  -1.1692034 
  -1.1971329 
  -1.2257266 
  -1.2549776 
  -1.2848771 
  -1.3154149 
  -1.3465765 
  -1.3783486 
  -1.4107140 
  -1.4436536 
  -1.4771466 
  -1.5111699 
  -1.5457011 
  -1.5807070 
  -1.6161658 
  -1.6520455 
  -1.6883147 
  -1.7249408 
  -1.7618902 
  -1.7991280 
  -1.8366193 
  -1.8743283 
  -1.9122189 
  -1.9502551 
  -1.9884012 
  -2.0266217 
  -2.0648820 
  -2.1031478 
  -2.1413869 
  -2.1795678 

 --- Rician pdf for K= 8.00  ---
  -0.9491192 
  -0.9728017 
  -0.9973453 
  -1.0227746 
  -1.0491135 
  -1.0763860 
  -1.1046155 
  -1.1338248 
  -1.1640360 
  -1.1952707 
  -1.2275490 
  -1.2608903 
  -1.2953126 
  -1.3308324 
  -1.3674645 
  -1.4052221 
  -1.4441161 
  -1.4841555 
  -1.5253468 
  -1.5676939 
  -1.6111979 
  -1.6558569 
  -1.7016659 
  -1.7486166 
  -1.7966973 
  -1.8458919 
  -1.8961812 
  -1.9475417 
  -1.9999458 
  -2.0533620 
  -2.1077541 
  -2.1630820 
  -2.2193023 
  -2.2763648 
  -2.3342173 
  -2.3928030 
  -2.4520625 
  -2.5119308 
  -2.5723414 
  -2.6332245 
  -2.6945075 