
 --- Rician pdf for K=0.00 partial coherent : a=Eb_N0+15.00 dB ---
  -0.7882899 
  -0.8029818 
  -0.8179744 
  -0.8332663 
  -0.8488559 
  -0.8647414 
  -0.8809202 
  -0.8973897 
  -0.9141467 
  -0.9311879 
  -0.9485094 
  -0.9661072 
  -0.9839770 
  -1.0021142 
  -1.0205140 
  -1.0391716 
  -1.0552980 
  -1.0743615 
  -1.0936651 
  -1.1132032 
  -1.1329699 
  -1.1529593 
  -1.1731653 
  -1.1935818 
  -1.2142029 
  -1.2350222 
  -1.2560338 
  -1.2772313 
  -1.2986088 
  -1.3201602 
  -1.3418793 
  -1.3637604 
  -1.3857976 
  -1.4079850 
  -1.4303171 
  -1.4527883 
  -1.4753933 
  -1.4981267 
  -1.5209835 
  -1.5411851 
  -1.5641914 

 --- Rician pdf for K=4.00 partial coherent : a=Eb_N0+15.00 dB ---
  -0.8974708 
  -0.9185674 
  -0.9402998 
  -0.9626768 
  -0.9857064 
  -1.0093955 
  -1.0337496 
  -1.0587732 
  -1.0844692 
  -1.4403091 
  -1.1378831 
  -1.1655993 
  -1.1939843 
  -1.2230330 
  -1.2527384 
  -1.2830914 
  -1.3112907 
  -1.3428078 
  -1.3749323 
  -1.4076473 
  -1.4409336 
  -1.4747704 
  -1.5091347 
  -1.5440017 
  -1.5793447 
  -1.6151354 
  -1.6513441 
  -1.6879393 
  -1.7248885 
  -1.7621581 
  -1.9823424 
  -1.8375196 
  -1.8755406 
  -1.9137407 
  -1.9520839 
  -1.9905345 
  -2.0290574 
  -2.0676179 
  -2.1061825 
  -2.1419223 
  -2.1803157 

 --- Rician pdf for K=8.00 partial coherent : a=Eb_N0+15.00 dB ---
  -0.9391351 
  -0.9632283 
  -0.9881833 
  -1.0140249 
  -1.0407773 
  -1.0684646 
  -1.0971104 
  -1.1267376 
  -1.1573686 
  -1.1890249 
  -1.2217268 
  -1.2554938 
  -1.2903439 
  -1.3262937 
  -1.3633581 
  -1.4015502 
  -1.4380721 
  -1.4784586 
  -1.5199973 
  -1.5626920 
  -1.6065440 
  -1.6515513 
  -1.6977089 
  -1.7450085 
  -1.7934380 
  -1.8429820 
  -1.8936209 
  -1.9453313 
  -1.9980856 
  -2.1932650 
  -2.1065947 
  -2.1622733 
  -2.2188433 
  -2.2762562 
  -2.3344591 
  -2.3933954 
  -2.4530047 
  -2.5132230 
  -2.5739833 
  -2.6324137 
  -2.6939619 