

 --- Rician pdf for K=0.00 partial coherent : a=Eb_N0+ 5.00 dB ---
  -0.6869836 
  -0.7060888 
  -0.7254519 
  -0.7450506 
  -0.7648668 
  -0.7848855 
  -0.8022699 
  -0.8224554 
  -0.8428108 
  -0.8633300 
  -0.8840075 
  -0.9048386 
  -0.9258185 
  -0.9469429 
  -0.9682073 
  -0.9896078 
  -1.0111404 
  -1.0328016 
  -1.0529519 
  -1.0747840 
  -1.0955542 
  -1.1175759 
  -1.1397108 
  -1.1619570 
  -1.1843124 
  -1.2067753 
  -1.2293436 
  -1.2520155 
  -1.2747891 
  -1.2976622 
  -1.3206329 
  -1.3436989 
  -1.3668581 
  -1.3901083 
  -1.4134470 
  -1.4368720 
  -1.4603808 
  -1.4823021 
  -1.5059146 
  -1.5284911 
  -1.5522150 

 --- Rician pdf for K=4.00 partial coherent : a=Eb_N0+ 5.00 dB ---
  -0.7587294 
  -0.7840368 
  -0.8100085 
  -0.8337420 
  -0.8607829 
  -0.8884635 
  -0.9167832 
  -0.9457422 
  -0.9753412 
  -1.0055802 
  -1.0364577 
  -1.0679704 
  -1.1001128 
  -1.1328765 
  -1.1645583 
  -1.1973721 
  -1.2318084 
  -1.2668076 
  -1.3023490 
  -1.3384101 
  -1.3749666 
  -1.4119926 
  -1.4494608 
  -1.4873428 
  -1.5256087 
  -1.5642279 
  -1.6031686 
  -1.6423983 
  -1.6818838 
  -1.7215910 
  -1.7614858 
  -1.8015335 
  -1.8416994 
  -1.8819488 
  -1.9204267 
  -1.9597397 
  -1.9999429 
  -2.0400934 
  -2.0801598 
  -2.1201122 
  -2.1599218 

 --- Rician pdf for K=8.00 partial coherent : a=Eb_N0+ 5.00 dB ---
  -0.7839841 
  -0.8118097 
  -0.8376703 
  -0.8670431 
  -0.8973202 
  -0.9285188 
  -0.9606590 
  -0.9937636 
  -1.0278563 
  -1.0629612 
  -1.0991016 
  -1.1362995 
  -1.1745750 
  -1.2111819 
  -1.2515445 
  -1.2930302 
  -1.3356476 
  -1.3794023 
  -1.4242966 
  -1.4703299 
  -1.5174983 
  -1.5657948 
  -1.6152091 
  -1.6657279 
  -1.7173343 
  -1.7700082 
  -1.8237260 
  -1.8784603 
  -1.9341804 
  -1.9908513 
  -2.0484347 
  -2.1068878 
  -2.1661644 
  -2.2262140 
  -2.2869823 
  -2.3455963 
  -2.4075279 
  -2.4699896 
  -2.5329138 
  -2.5962297 
  -2.6598647 

 --- Rician pdf for K=0.00 partial coherent : a=Eb_N0+10.00 dB ---
  -0.7689554 
  -0.7844321 
  -0.8001876 
  -0.8162208 
  -0.8325303 
  -0.8491143 
  -0.8659706 
  -0.8830967 
  -0.9004898 
  -0.9181466 
  -0.9360637 
  -0.9542374 
  -0.9726637 
  -0.9913385 
  -1.0102573 
  -1.0266034 
  -1.0458931 
  -1.0654110 
  -1.0851520 
  -1.1051106 
  -1.1252816 
  -1.1456593 
  -1.1662383 
  -1.1870129 
  -1.2079774 
  -1.2291261 
  -1.2504534 
  -1.2719535 
  -1.2936207 
  -1.3154495 
  -1.3374343 
  -1.3595696 
  -1.3818500 
  -1.4042701 
  -1.4268249 
  -1.4495092 
  -1.4706747 
  -1.4924314 
  -1.5153894 
  -1.5384553 
  -1.5616246 

 --- Rician pdf for K=4.00 partial coherent : a=Eb_N0+10.00 dB ---
  -0.8699684 
  -0.8918784 
  -0.9144140 
  -0.9375846 
  -0.9613984 
  -0.9858626 
  -1.0109830 
  -1.0367640 
  -1.0632086 
  -1.0903182 
  -1.1180928 
  -1.1465304 
  -1.1756275 
  -1.2053784 
  -1.2329876 
  -1.2639179 
  -1.2954723 
  -1.3276374 
  -1.3603980 
  -1.3937368 
  -1.4276342 
  -1.4620691 
  -1.4970181 
  -1.5324561 
  -1.5683561 
  -1.6046896 
  -1.6414263 
  -1.6785348 
  -1.7159823 
  -1.7537350 
  -1.7917581 
  -1.8300164 
  -1.8684741 
  -1.9070952 
  -1.9458440 
  -1.9846848 
  -2.0207721 
  -2.0596074 
  -2.0984293 
  -2.1372055 
  -2.1759048 

 --- Rician pdf for K=8.00 partial coherent : a=Eb_N0+10.00 dB ---
  -0.9078253 
  -0.9326597 
  -0.9583468 
  -0.9849121 
  -1.0123807 
  -1.0407774 
  -1.0701263 
  -1.1004511 
  -1.1317744 
  -1.1641181 
  -1.1975029 
  -1.2319484 
  -1.2674728 
  -1.3040927 
  -1.3390124 
  -1.3777682 
  -1.4176558 
  -1.4586841 
  -1.5008593 
  -1.5441852 
  -1.5886626 
  -1.6342894 
  -1.6810603 
  -1.7289667 
  -1.7779964 
  -1.8281333 
  -1.8793578 
  -1.9316460 
  -1.9849701 
  -2.0392979 
  -2.0945932 
  -2.1508152 
  -2.2079192 
  -2.2658562 
  -2.3245728 
  -2.3840122 
  -2.4412937 
  -2.5019050 
  -2.5630440 
  -2.6246403 
  -2.6866211 

 --- Rician pdf for K=0.00 partial coherent : a=Eb_N0+15.00 dB ---
  -0.7882899 
  -0.8029818 
  -0.8179744 
  -0.8332663 
  -0.8488559 
  -0.8647414 
  -0.8809202 
  -0.8973897 
  -0.9141467 
  -0.9311879 
  -0.9485094 
  -0.9661072 
  -0.9839770 
  -1.0021142 
  -1.0205140 
  -1.0391716 
  -1.0552980 
  -1.0743615 
  -1.0936651 
  -1.1132032 
  -1.1329699 
  -1.1529593 
  -1.1731653 
  -1.1935818 
  -1.2142029 
  -1.2350222 
  -1.2560338 
  -1.2772313 
  -1.2986088 
  -1.3201602 
  -1.3418793 
  -1.3637604 
  -1.3857976 
  -1.4079850 
  -1.4303171 
  -1.4527883 
  -1.4753933 
  -1.4981267 
  -1.5209835 
  -1.5411851 
  -1.5641914 

 --- Rician pdf for K=4.00 partial coherent : a=Eb_N0+15.00 dB ---
  -0.8974708 
  -0.9185674 
  -0.9402998 
  -0.9626768 
  -0.9857064 
  -1.0093955 
  -1.0337496 
  -1.0587732 
  -1.0844692 
  -1.4403091 
  -1.1378831 
  -1.1655993 
  -1.1939843 
  -1.2230330 
  -1.2527384 
  -1.2830914 
  -1.3112907 
  -1.3428078 
  -1.3749323 
  -1.4076473 
  -1.4409336 
  -1.4747704 
  -1.5091347 
  -1.5440017 
  -1.5793447 
  -1.6151354 
  -1.6513441 
  -1.6879393 
  -1.7248885 
  -1.7621581 
  -1.9823424 
  -1.8375196 
  -1.8755406 
  -1.9137407 
  -1.9520839 
  -1.9905345 
  -2.0290574 
  -2.0676179 
  -2.1061825 
  -2.1419223 
  -2.1803157 

 --- Rician pdf for K=8.00 partial coherent : a=Eb_N0+15.00 dB ---
  -0.9391351 
  -0.9632283 
  -0.9881833 
  -1.0140249 
  -1.0407773 
  -1.0684646 
  -1.0971104 
  -1.1267376 
  -1.1573686 
  -1.1890249 
  -1.2217268 
  -1.2554938 
  -1.2903439 
  -1.3262937 
  -1.3633581 
  -1.4015502 
  -1.4380721 
  -1.4784586 
  -1.5199973 
  -1.5626920 
  -1.6065440 
  -1.6515513 
  -1.6977089 
  -1.7450085 
  -1.7934380 
  -1.8429820 
  -1.8936209 
  -1.9453313 
  -1.9980856 
  -2.1932650 
  -2.1065947 
  -2.1622733 
  -2.2188433 
  -2.2762562 
  -2.3344591 
  -2.3933954 
  -2.4530047 
  -2.5132230 
  -2.5739833 
  -2.6324137 
  -2.6939619 

 --- Rician pdf for K=0.00 partial coherent : a=Eb_N0+20.00 dB ---
  -0.7950283 
  -0.8095777 
  -0.8228454 
  -0.8379270 
  -0.8533111 
  -0.8689956 
  -0.8849781 
  -0.9012559 
  -0.9178260 
  -0.9346847 
  -0.9518284 
  -0.9692529 
  -0.9869540 
  -1.0049271 
  -1.0231672 
  -1.0416693 
  -1.0604281 
  -1.0794384 
  -1.0986944 
  -1.1154095 
  -1.1350521 
  -1.1549213 
  -1.5519325 
  -1.1953153 
  -1.2158277 
  -1.2365419 
  -1.2574518 
  -1.2785512 
  -1.2998337 
  -1.3212933 
  -1.3429237 
  -1.3647190 
  -1.3866732 
  -1.4087804 
  -1.4310348 
  -1.4534308 
  -1.4759630 
  -1.4986258 
  -1.5214141 
  -1.5443229 
  -1.5673471 

 --- Rician pdf for K=4.00 partial coherent : a=Eb_N0+20.00 dB ---
  -0.9066741 
  -0.9276171 
  -0.9475386 
  -0.9696860 
  -0.9924879 
  -1.0159510 
  -1.0400811 
  -1.0648824 
  -1.0903581 
  -1.1165096 
  -1.1433370 
  -1.1708386 