

 --- Rician pdf for K=8.00 partial coherent : a=Eb_N0+15.00 dB ---
  -0.9391351 
  -0.9632283 
  -0.9881833 
  -1.0140249 
  -1.0407773 
  -1.0684646 
  -1.0971104 
  -1.1267376 
  -1.1573686 
  -1.1890249 
  -1.2217268 
  -1.2554938 
  -1.2903439 
  -1.3262937 
  -1.3633581 
  -1.4015502 
  -1.4380721 
  -1.4784586 
  -1.5199973 
  -1.5626920 
  -1.6065440 
  -1.6515513 
  -1.6977089 
  -1.7450085 
  -1.7934380 
  -1.8429820 
  -1.8936209 
  -1.9453313 
  -1.9980856 
  -2.1932650 
  -2.1065947 
  -2.1622733 
  -2.2188433 
  -2.2762562 
  -2.3344591 
  -2.3933954 
  -2.4530047 
  -2.5132230 
  -2.5739833 
  -2.6324137 
  -2.6939619 

 --- Rician pdf for K=0.00 partial coherent : a=Eb_N0+ 5.00 dB ---
  -0.6844336 
  -0.7032826 
  -0.7223784 
  -0.7413889 
  -0.7606273 
  -0.7803039 
  -0.8001631 
  -0.8201965 
  -0.8403971 
  -0.8607591 
  -0.8812772 
  -0.9019466 
  -0.9227628 
  -0.9437212 
  -0.9644850 
  -0.9854571 
  -1.0067885 
  -1.0282455 
  -1.0498249 
  -1.0715235 
  -1.0933387 
  -1.1152680 
  -1.1373091 
  -1.1594598 
  -1.1817182 
  -1.2040823 
  -1.2265501 
  -1.2491196 
  -1.2717886 
  -1.2945551 
  -1.3170906 
  -1.3400335 
  -1.3630666 
  -1.3859588 
  -1.4091574 
  -1.4324383 
  -1.4557990 
  -1.4792367 
  -1.5027488 
  -1.5263326 
  -1.5499856 

 --- Rician pdf for K=4.00 partial coherent : a=Eb_N0+ 5.00 dB ---
  -0.7550757 
  -0.7797699 
  -0.8053558 
  -0.8315853 
  -0.8584538 
  -0.8859595 
  -0.9141023 
  -0.9428836 
  -0.9723045 
  -1.0023654 
  -1.0325026 
  -1.0638095 
  -1.0957469 
  -1.1283067 
  -1.1614778 
  -1.1952466 
  -1.2295966 
  -1.2645092 
  -1.2999635 
  -1.3359367 
  -1.3724040 
  -1.4093394 
  -1.4467152 
  -1.4845025 
  -1.5226713 
  -1.5611906 
  -1.6000282 
  -1.6391516 
  -1.6781591 
  -1.7175456 
  -1.7573042 
  -1.7972115 
  -1.8372327 
  -1.8773334 
  -1.9174791 
  -1.9576360 
  -1.9977710 
  -2.0378517 
  -2.0778468 
  -2.1177264 
  -2.1574618 

 --- Rician pdf for K=8.00 partial coherent : a=Eb_N0+ 5.00 dB ---
  -0.7798019 
  -0.8072331 
  -0.8355414 
  -0.8647364 
  -0.8948322 
  -0.9258470 
  -0.9578020 
  -0.9907207 
  -1.0246275 
  -1.0589807 
  -1.0949068 
  -1.1318924 
  -1.1699578 
  -1.2091207 
  -1.2493960 
  -1.2907955 
  -1.3333277 
  -1.3769979 
  -1.4218085 
  -1.4677585 
  -1.5148435 
  -1.5630564 
  -1.6123864 
  -1.6628195 
  -1.7143387 
  -1.7669231 
  -1.8205486 
  -1.8751873 
  -1.9304055 
  -1.9867982 
  -2.0442547 
  -2.1025748 
  -2.1617117 
  -2.2216145 
  -2.2822289 
  -2.3434967 
  -2.4053563 
  -2.4677429 
  -2.5305888 
  -2.5938233 
  -2.6573740 

 --- Rician pdf for K=0.00 partial coherent : a=Eb_N0+10.00 dB ---
  -0.7668017 
  -0.7821585 
  -0.7977910 
  -0.813698