

 --- Rician pdf for K=0.00 partial coherent : a=Eb_N0+ 5.00 dB ---
  -0.7108471 
  -0.7323166 
  -0.7541339 
  -0.7762650 
  -0.7986811 
  -0.8213586 
  -0.8442795 
  -0.8674316 
  -0.8908089 
  -0.9144116 
  -0.9103836 
  -0.9328227 
  -0.9554330 
  -0.9782088 
  -1.0011445 
  -1.0242346 
  -1.0474738 
  -1.0708568 
  -1.0943786 
  -1.1180344 
  -1.1418195 
  -1.1657298 
  -1.1897615 
  -1.2139118 
  -1.2381787 
  -1.2625614 
  -1.2870608 
  -1.3116798 
  -1.3364235 
  -1.3278347 
  -1.3519081 
  -1.3761037 
  -1.4004204 
  -1.4248572 
  -1.4494128 
  -1.4740855 
  -1.4988734 
  -1.5237739 
  -1.5487844 
  -1.5739014 
  -1.5991213 

 --- Rician pdf for K=4.00 partial coherent : a=Eb_N0+ 5.00 dB ---
  -0.7901200 
  -0.8185621 
  -0.8477858 
  -0.8777617 
  -0.9084635 
  -0.9398679 
  -0.9719555 
  -1.0047104 
  -1.0047950 
  -1.0368304 
  -1.0695060 
  -1.1028156 
  -1.1367516 
  -1.1713050 
  -1.2064651 
  -1.2422196 
  -1.2785544 
  -1.3154539 
  -1.3529007 
  -1.3908759 
  -1.4293594 
  -1.4683295 
  -1.5077636 
  -1.5476377 
  -1.5879271 
  -1.6286061 
  -1.6696486 
  -1.7110279 
  -1.7271124 
  -1.7554242 
  -1.7965136 
  -1.8377954 
  -1.8792339 
  -1.9207931 
  -1.9624365 
  -2.0041279 
  -2.0458312 
  -2.0875115 
  -2.1291343 
  -2.1706669 
  -2.2120782 

 --- Rician pdf for K=8.00 partial coherent : a=Eb_N0+ 5.00 dB ---
  -0.8176266 
  -0.8487541 
  -0.8808958 
  -0.9140395 
  -0.9481765 
  -0.9833023 
  -1.0194158 
  -1.0232854 
  -1.0592547 
  -1.0962376 
  -1.1342518 
  -1.1733147 
  -1.2134424 
  -1.2546497 
  -1.2969498 
  -1.3403534 
  -1.3848694 
  -1.4305045 
  -1.4772629 
  -1.5251469 
  -1.5741563 
  -1.6242889 
  -1.6755406 
  -1.7279049 
  -1.7813734 
  -1.8359356 
  -1.8915785 
  -1.9482872 
  -2.0060440 
  -2.0355483 
  -2.0834412 
  -2.1430646 
  -2.2035725 
  -2.2649175 
  -2.3270472 
  -2.3899046 
  -2.4534281 
  -2.5175513 
  -2.5822040 
  -2.6473119 
  -2.7127974 

 --- Rician pdf for K=0.00 partial coherent : a=Eb_N0+10.00 dB ---
  -0.8137438 
  -0.8317159 
  -0.8500196 
  -0.8686499 
  -0.8876018 
  -0.9068708 
  -0.9264534 
  -0.9463474 
  -0.9314900 
  -0.9505666 
  -0.9699275 
  -0.9895679 
  -1.0094831 
  -1.0296682 
  -1.0501183 
  -1.0708282 
  -1.0917928 
  -1.1130069 
  -1.1344652 
  -1.1561624 
  -1.1780931 
  -1.2002521 
  -1.2226341 
  -1.2452341 
  -1.2680473 
  -1.2910695 
  -1.3142967 
  -1.3377258 
  -1.3613545 
  -1.3851817 
  -1.3707030 
  -1.3939142 
  -1.4173022 
  -1.4408626 
  -1.4645911 
  -1.4884834 
  -1.5125352 
  -1.5367421 
  -1.5610994 
  -1.5856028 
  -1.6102476 

 --- Rician pdf for K=4.00 partial coherent : a=Eb_N0+10.00 dB ---
  -0.9187559 
  -0.9429800 
  -0.9678956 
  -0.9935118 
  -1.0198367 
  -1.0468776 
  -1.0746411 
  -1.1031335 
  -1.0953359 
  -1.1238469 
  -1.1530603 
  -1.1829730 
  -1.2135801 
  -1.2448746 
  -1.2768477 
  -1.3094882 
  -1.3427833 
  -1.3767179 
  -1.4112750 
  -1.4464360 
  -1.4821801 
  -1.5184851 
  -1.5553273 
  -1.5926814 
  -1.6305210 
  -1.6688184 
  -1.7075453 
  -1.7466726 
  -1.7861711 
  -1.8260113 
  -1.8260578 
 

 --- Rician pdf for K=0.00 partial coherent : a=Eb_N0+ 5.00 dB ---
  -0.7108471 
  -0.7323166 
  -0.7541339 
  -0.7762650 
  -0.7986811 
  -0.8213586 
  -0.8442795 
  -0.8674316 
  -0.8908089 
  -0.9144116 
  -0.9103836 
  -0.9328227 
  -0.9554330 
  -0.9782088 
  -1.0011445 
  -1.0242346 
  -1.0474738 
  -1.0708568 
  -1.0943786 
  -1.1180344 
  -1.1418195 
  -1.1657298 
  -1.1897615 
  -1.2139118 
  -1.2381787 
  -1.2625614 
  -1.2870608 
  -1.3116798 
  -1.3364235 
  -1.3278347 
  -1.3519081 
  -1.3761037 
  -1.4004204 
  -1.4248572 
  -1.4494128 
  -1.4740855 
  -1.4988734 
  -1.5237739 
  -1.5487844 
  -1.5739014 
  -1.5991213 

 --- Rician pdf for K=4.00 partial coherent : a=Eb_N0+ 5.00 dB ---
  -0.7901200 
  -0.8185621 
  -0.8477858 
  -0.8777617 
  -0.9084635 
  -0.9398679 
  -0.9719555 
  -1.0047104 
  -1.0047950 
  -1.0368304 
  -1.0695060 
  -1.1028156 
  -1.1367516 
  -1.1713050 
  -1.2064651 
  -1.2422196 
  -1.2785544 
  -1.3154539 
  -1.3529007 
  -1.3908759 
  -1.4293594 
  -1.4683295 
  -1.

 --- Rician pdf for K=0.00 partial coherent : a=Eb_N0+ 5.00 dB ---
  -0.7108471 
  -0.7323166 
  -0.7541339 
  -0.7762650 
  -0.7986811 
  -0.8213586 
  -0.8442795 
  -0.8674316 
  -0.8908089 
  -0.9144116 
  -0.9103836 
  -0.9328227 
  -0.9554330 
  -0.9782088 
  -1.0011445 
  -1.0242346 
  -1.0474738 
  -1.0708568 
  -1.0943786 
  -1.1180344 
  -1.1418195 
  -1.1657298 
  -1.1897615 
  -1.2139118 
  -1.2381787 
  -1.2625614 
  -1.2870608 
  -1.3116798 
  -1.3364235 
  -1.3278347 
  -1.3519081 
  -1.3761037 
  -1.4004204 
  -1.4248572 
  -1.4494128 
  -1.4740855 
  -1.4988734 
  -1.5237739 
  -1.5487844 
  -1.5739014 
  -1.5991213 

 --- Rician pdf for K=4.00 partial coherent : a=Eb_N0+ 5.00 dB ---
  -0.7901200 
  -0.8185621 
  -0.8477858 
  -0.8777617 
  -0.9084635 
  -0.9398679 
  -0.9719555 
  -1.0047104 
  -1.0047950 
  -1.0368304 
  -1.0695060 
  -1.1028156 
  -1.1367516 
  -1.1713050 
  -1.2064651 
  -1.2422196 
  -1.2785544 
  -1.3154539 
  -1.3529007 
  -1.3908759 
  -1.4293594 
  -1.4683295 
  -1.5077636 
  -1.5476377 
  -1.5879271 
  -1.6286061 
  -1.6696486 
  -1.7110279 
  -1.7271124 
  -1.7554242 
  -1.7965136 
  -1.8377954 
  -1.8792339 
  -1.9207931 
  -1.9624365 
  -2.0041279 
  -2.0458312 
  -2.0875115 
  -2.1291343 
  -2.1706669 
  -2.2120782 

 --- Rician pdf for K=8.00 partial coherent : a=Eb_N0+ 5.00 dB ---
  -0.8176266 
  -0.8487541 
  -0.8808958 
  -0.9140395 
  -0.9481765 
  -0.9833023 
  -1.0194158 
  -1.0232854 
  -1.0592547 
  -1.0962376 
  -1.1342518 
  -1.1733147 
  -1.2134424 
  -1.2546497 
  -1.2969498 
  -1.3403534 
  -1.3848694 
  -1.4305045 
  -1.4772629 
  -1.5251469 
  -1.5741563 
  -1.6242889 
  -1.6755406 
  -1.7279049 
  -1.7813734 
  -1.8359356 
  -1.8915785 
  -1.9482872 
  -2.0060440 
  -2.0355483 
  -2.0834412 
  -2.1430646 
  -2.2035725 
  -2.2649175 
  -2.3270472 
  -2.3899046 
  -2.4534281 
  -2.5175513 
  -2.5822040 
  -2.6473119 
  -2.7127974 

 --- Rician pdf for K=0.00 partial coherent : a=Eb_N0+10.00 dB ---
  -0.8137438 
  -0.8317159 
  -0.8500196 
  -0.8686499 
  -0.8876018 
  -0.9068708 
  -0.9264534 
  -0.9463474 
  -0.9314900 
  -0.9505666 
  -0.9699275 
  -0.9895679 
  -1.0094831 
  -1.0296682 
  -1.0501183 
  -1.0708282 
  -1.0917928 
  -1.1130069 
  -1.1344652 
  -1.1561624 
  -1.1780931 
  -1.2002521 
  -1.2226341 
  -1.2452341 
  -1.2680473 
  -1.2910695 
  -1.3142967 
  -1.3377258 
  -1.3613545 
  -1.3851817 
  -1.3707030 
  -1.3939142 
  -1.4173022 
  -1.4408626 
  -1.4645911 
  -1.4884834 
  -1.5125352 
  -1.5367421 
  -1.5610994 
  -1.5856028 
  -1.6102476 

 --- Rician pdf for K=4.00 partial coherent : a=Eb_N0+10.00 dB ---
  -0.9187559 
  -0.9429800 
  -0.9678956 
  -0.9935118 
  -1.0198367 
  -1.0468776 
  -1.0746411 
  -1.1031335 
  -1.0953359 
  -1.1238469 
  -1.1530603 
  -1.1829730 
  -1.2135801 
  -1.2448746 
  -1.2768477 
  -1.3094882 
  -1.3427833 
  -1.3767179 
  -1.4112750 
  -1.4464360 
  -1.4821801 
  -1.5184851 
  -1.5553273 
  -1.5926814 
  -1.6305210 
  -1.6688184 
  -1.7075453 
  -1.7466726 
  -1.7861711 
  -1.8260113 
  -1.8260578 
  -1.8654213 
  -1.9050161 
  -1.9448072 
  -1.9847597 
  -2.0248384 
  -2.0650088 
  -2.1052366 
  -2.1454884 
  -2.1857317 
  -2.2259350 

 --- Rician pdf for K=8.00 partial coherent : a=Eb_N0+10.00 dB ---
  -0.9615585 
  -0.9884838 
  -1.0163085 
  -1.0450599 
  -1.0747653 
  -1.1054525 
  -1.1371491 
  -1.1698834 
  -1.1649981 
  -1.1986054 
  -1.2332946 
  -1.2690859 
  -1.3059975 
  -1.3440459 
  -1.3832457 
  -1.4236091 
  -1.4651462 
  -1.5078644 
  -1.5517688 
  -1.5968618 
  -1.6431428 
  -1.6906087 
  -1.7392533 
  -1.7890674 
  -1.8400390 
  -1.8921526 
  -1.9453897 
  -1.9997287 
  -2.0551446 
  -2.1116094 
  -2.1288502 
  -2.1861997 
  -2.2444669 
  -2.3036038 
  -2.3635582 
  -2.4242734 
  -2.4856891 
  -2.5477413 
  -2.6103624 
  -2.6734818 
  -2.7370263 

 --- Rician pdf for K=0.00 partial coherent : a=Eb_N0+15.00 dB ---
  -0.8342453 
  -0.8512273 
  -0.8685605 
  -0.8862396 
  -0.9042586 
  -1.1681853 
  -1.1998675 
  -1.2315120 
  -1.2630002 
  -1.2942238 
  -1.2912747 
  -1.3199270 
  -1.3480876 
  -1.3757281 
  -1.4028404 
  -1.4294357 
  -1.0990930 
  -1.1196926 
  -1.1405564 
  -1.1616791 
  -1.1830557 
  -1.2046809 
  -1.2265496 
  -1.2486565 
  -1.2709961 
  -1.2935632 
  -1.3163526 
  -1.3393593 
  -1.3625785 
  -1.3860056 
  -1.4096369 
  -1.4334691 
  -1.4574999 
  -1.4419634 
  -1.4653571 
  -1.4889231 
  -1.5126570 
  -1.5365544 
  -1.5606108 
  -1.5848219 
  -1.6091832 

 --- Rician pdf for K=4.00 partial coherent : a=Eb_N0+15.00 dB ---
  -0.9437518 
  -0.9670344 
  -0.9910145 
  -1.0156983 
  -1.2875256 
  -1.3285131 
  -1.3701830 
  -1.4124227 
  -1.4551183 
  -1.4981594 
  -1.5086634 
  -1.5502670 
  -1.5919144 
  -1.6335463 
  -1.2909548 
  -1.3227469 
  -1.3552007 
  -1.3883027 
  -1.4220376 
  -1.4563879 
  -1.4913346 
  -1.5268564 
  -1.7524919 
  -1.7880453 
  -1.8241227 
  -1.8607181 
  -1.8978192 
  -1.9354083 
  -1.9734635 
  -2.0119593 
  -2.0508677 
  -2.0901587 
  -2.1298016 
  -2.1294787 
  -2.1686789 
  -2.2081118 
  -2.2477405 
  -2.2875284 
  -2.1461536 
  -2.1859330 
  -2.2256892 

 --- Rician pdf for K=8.00 partial coherent : a=Eb_N0+15.00 dB ---
  -0.9900006 
  -1.0160426 
  -1.0429992 
  -1.0708936 
  -1.0997493 
  -1.1295895 
  -1.1604372 
  -1.1923157 
  -1.2252482 
  -1.2592580 
  -1.6303921 
  -1.6795163 
  -1.7292195 
  -1.7794772 
  -1.8302806 
  -1.8816359 
  -1.9335625 
  -1.5241911 
  -1.5672806 
  -1.6115603 
  -1.6570310 
  -1.7036904 
  -1.7515330 
  -1.8005502 
  -2.0032701 
  -2.0521956 
  -2.1023245 
  -2.1536491 
  -2.2061554 
  -2.2598232 
  -2.3146272 
  -2.3705368 
  -2.4275170 
  -2.4452034 
  -2.3698414 
  -2.4298902 
  -2.4906470 
  -2.5520488 
  -2.6140292 
  -2.6765189 
  -2.7394459 

 --- Rician pdf for K=0.00 partial coherent : a=Eb_N0+20.00 dB ---
  -0.8360814 
  -0.8526281 
  -0.8695298 
  -0.8867811 
  -0.9043763 
  -0.9223091 
  -0.9405728 
  -0.9591608 
  -0.9780663 
  -0.9972832 
  -1.0168054 
  -1.0366282 
  -1.0567476 
  -1.0382616 
  -1.0577221 
  -1.0774648 
  -1.4439644 
  -1.4712007 
  -1.4978441 
  -1.5239341 
  -1.5495265 
  -1.5746886 
  -1.5994946 
  -1.6240211 
  -1.6483432 
  -1.6725310 
  -1.6966477 
  -1.3347066 
  -1.3576854 
  -1.3808760 
  -1.4042728 
  -1.4278704 
  -1.4516638 
  -1.4756482 
  -1.4998198 
  -1.5241752 
  -1.5487124 
  -1.5330560 
  -1.5569104 
  -1.5809192 
  -1.6050782 

 --- Rician pdf for K=4.00 partial coherent : a=Eb_N0+20.00 dB ---
  -0.9472699 
  -0.9701173 
  -0.9936612 
  -1.0179076 
  -1.0428612 
  -1.0685256 
  -1.0949030 
  -1.1219943 
  -1.1497994 
  -1.1783168 
  -1.2075444 
  -1.2374788 
  -1.6043522 
  -1.6162393 
  -1.6598768 
  -1.7033800 
  -1.7466688 
  -1.7896846 
  -1.8323904 
  -1.8747707 
  -1.9168292 
  -1.9585859 
  -2.0000727 
  -1.5969580 
  -1.6337226 
  -1.6709678 
  -1.7086644 
  -1.7467822 
  -1.7852892 
  -1.8241529 
  -1.8633395 
  -1.9028150 
  -1.9425450 
  -1.9824951 
  -2.0226315 
  -2.0629211 
  -2.1033322 
  -2.1033221 
  -2.1428395 
  -2.1823662 
  -2.2218718 

 --- Rician pdf for K=8.00 partial coherent : a=Eb_N0+20.00 dB ---
  -0.9941921 
  -1.0198387 
  -1.0463998 
  -1.0738985 
  -1.1023575 
  -1.1317993 
  -1.1622456 
  -1.1937180 
  -1.2262375 
  -1.2598245 
  -1.2944992 
  -1.3302812 
  -1.3671898 
  -1.3659885 
  -1.4040229 
  -1.4432159 
  -1.4835788 
  -1.9756921 
  -2.0307835 
  -2.0862959 
  -2.1422423 
  -2.1986478 
  -2.2555453 
  -2.3129713 
  -2.3709615 
  -1.9001234 
  -1.9522296 
  -2.0054428 
  -2.0597357 
  -2.1150771 
  -2.1714313 
  -2.2287591 
  -2.2870170 
  -2.3461578 
  -2.4061308 
  -2.4668820 
  -2.5283546 
  -2.5499371 
  -2.6116183 
  -2.6738086 
  -2.7364366 

 --- Rician pdf for K=0.00 partial coherent : a=Eb_N0+ 5.00 dB ---
  -0.6840101 
  -0.7028166 
  -0.7218683 
  -0.7409888 
  -0.7603260 
  -0.7799784 
  -0.7998130 
  -0.8198212 
  -0.8399961 
  -0.8603321 
  -0.8808238 
  -0.9014665 
  -0.9222556 
  -0.9431866 
  -0.9640891 
  -0.9851622 
  -1.0064793 
  -1.0279219 
  -1.0494866 
  -1.0711704 
  -1.0929706 
  -1.1148845 
  -1.1369101 
  -1.1590450 
  -1.1812874 
  -1.2036351 
  -1.2260863 
  -1.2486388 
  -1.2712906 
  -1.2940394 
  -1.3168830 
  -1.3396504 
  -1.3626706 
  -1.3856640 
  -1.4088526 
  -1.4321234 
  -1.4554735 
  -1.4789005 
  -1.5024015 
  -1.5259739 
  -1.5496151 

 --- Rician pdf for K=4.00 partial coherent : a=Eb_N0+ 5.00 dB ---
  -0.7546787 
  -0.7794668 
  -0.8050254 
  -0.8312269 
  -0.8580668 
  -0.8855435 
  -0.9136571 
  -0.9424090 
  -0.9718004 
  -1.0018319 
  -1.0322215 
  -1.0635138 
  -1.0954367 
  -1.1279821 
  -1.1611389 
  -1.1948933 
  -1.2292290 
  -1.2641273 
  -1.2995672 
  -1.3355258 
  -1.3719784 
  -1.4088988 
  -1.4462593 
  -1.4840310 
  -1.5221837 
  -1.5606864 
  -1.5995071 
  -1.6386129 
  -1.6777865 
  -1.7172581 
  -1.7570070 
  -1.7969044 
  -1.8369154 
  -1.8770056 
  -1.9171405 
  -1.9572864 
  -1.9974100 
  -2.0374792 
  -2.0774625 
  -2.1173300 
  -2.1570531 

 --- Rician pdf for K=8.00 partial coherent : a=Eb_N0+ 5.00 dB ---
  -0.7795048 
  -0.8069081 
  -0.8351876 
  -0.8643531 
  -0.8944189 
  -0.9254033 
  -0.9573277 
  -0.9902156 
  -1.0240916 
  -1.0586978 
  -1.0946087 
  -1.1315793 
  -1.1696298 
  -1.2087781 
  -1.2490390 
  -1.2904242 
  -1.3329422 
  -1.3765985 
  -1.4213952 
  -1.4673314 
  -1.5144027 
  -1.5626017 
  -1.6119177 
  -1.6623367 
  -1.7138414 
  -1.7664111 
  -1.8200213 
  -1.8746442 
  -1.9300473 
  -1.9865101 
  -2.0439577 
  -2.1022684 
  -2.1613954 
  -2.2212878 
  -2.2818914 
  -2.3431478 
  -2.4049955 
  -2.4673696 
  -2.5302025 
  -2.5934236 
  -2.6569602 

 --- Rician pdf for K=0.00 partial coherent : a=Eb_N0+10.00 dB ---
  -0.7664438 
  -0.7817807 
  -0.7973928 
  -0.813279