

 --- Rician pdf for K=0.00 partial coherent : a=Eb_N0+10.00 dB ---
  -0.7689554 
  -0.7844321 
  -0.8001876 
  -0.8162208 
  -0.8325303 
  -0.8491143 
  -0.8659706 
  -0.8830967 
  -0.9004898 
  -0.9181466 
  -0.9360637 
  -0.9542374 
  -0.9726637 
  -0.9913385 
  -1.0102573 
  -1.0266034 
  -1.0458931 
  -1.0654110 
  -1.0851520 
  -1.1051106 
  -1.1252816 
  -1.1456593 
  -1.1662383 
  -1.1870129 
  -1.2079774 
  -1.2291261 
  -1.2504534 
  -1.2719535 
  -1.2936207 
  -1.3154495 
  -1.3374343 
  -1.3595696 
  -1.3818500 
  -1.4042701 
  -1.4268249 
  -1.4495092 
  -1.4706747 
  -1.4924314 
  -1.5153894 
  -1.5384553 
  -1.5616246 

 --- Rician pdf for K=4.00 partial coherent : a=Eb_N0+10.00 dB ---
  -0.8699684 
  -0.8918784 
  -0.9144140 
  -0.9375846 
  -0.9613984 
  -0.9858626 
  -1.0109830 
  -1.0367640 
  -1.0632086 
  -1.0903182 
  -1.1180928 
  -1.1465304 
  -1.1756275 
  -1.2053784 
  -1.2329876 
  -1.2639179 
  -1.2954723 
  -1.3276374 
  -1.3603980 
  -1.3937368 
  -1.4276342 
  -1.4620691 
  -1.4970181 
  -1.5324561 
  -1.5683561 
  -1.6046896 
  -1.6414263 
  -1.6785348 
  -1.7159823 
  -1.7537350 
  -1.7917581 
  -1.8300164 
  -1.8684741 
  -1.9070952 
  -1.9458440 
  -1.9846848 
  -2.0207721 
  -2.0596074 
  -2.0984293 
  -2.1372055 
  -2.1759048 

 --- Rician pdf for K=8.00 partial coherent : a=Eb_N0+10.00 dB ---
  -0.9078253 
  -0.9326597 
  -0.9583468 
  -0.9849121 
  -1.0123807 
  -1.0407774 
  -1.0701263 
  -1.1004511 
  -1.1317744 
  -1.1641181 
  -1.1975029 
  -1.2319484 
  -1.2674728 
  -1.3040927 
  -1.3390124 
  -1.3777682 
  -1.4176558 
  -1.4586841 
  -1.5008593 
  -1.5441852 
  -1.5886626 
  -1.6342894 
  -1.6810603 
  -1.7289667 
  -1.7779964 
  -1.8281333 
  -1.8793578 
  -1.9316460 
  -1.9849701 
  -2.0392979 
  -2.0945932 
  -2.1508152 
  -2.2079192 
  -2.2658562 
  -2.3245728 
  -2.3840122 
  -2.4412937 
  -2.5019050 
  -2.5630440 
  -2.6246403 
  -2.6866211 