--- Rician pdf for K=0.00 partial coherent : a=Eb_N0+ 5.00 dB ---
  -0.6869836 
  -0.7060888 
  -0.7254519 
  -0.7450506 
  -0.7648668 
  -0.7848855 
  -0.8022699 
  -0.8224554 
  -0.8428108 
  -0.8633300 
  -0.8840075 
  -0.9048386 
  -0.9258185 
  -0.9469429 
  -0.9682073 
  -0.9896078 
  -1.0111404 
  -1.0328016 
  -1.0529519 
  -1.0747840 
  -1.0955542 
  -1.1175759 
  -1.1397108 
  -1.1619570 
  -1.1843124 
  -1.2067753 
  -1.2293436 
  -1.2520155 
  -1.2747891 
  -1.2976622 
  -1.3206329 
  -1.3436989 
  -1.3668581 
  -1.3901083 
  -1.4134470 
  -1.4368720 
  -1.4603808 
  -1.4823021 
  -1.5059146 
  -1.5284911 
  -1.5522150 

 --- Rician pdf for K=4.00 partial coherent : a=Eb_N0+ 5.00 dB ---
  -0.7587294 
  -0.7840368 
  -0.8100085 
  -0.8337420 
  -0.8607829 
  -0.8884635 
  -0.9167832 
  -0.9457422 
  -0.9753412 
  -1.0055802 
  -1.0364577 
  -1.0679704 
  -1.1001128 
  -1.1328765 
  -1.1645583 
  -1.1973721 
  -1.2318084 
  -1.2668076 
  -1.3023490 
  -1.3384101 
  -1.3749666 
  -1.4119926 
  -1.4494608 
  -1.4873428 
  -1.5256087 
  -1.5642279 
  -1.6031686 
  -1.6423983 
  -1.6818838 
  -1.7215910 
  -1.7614858 
  -1.8015335 
  -1.8416994 
  -1.8819488 
  -1.9204267 
  -1.9597397 
  -1.9999429 
  -2.0400934 
  -2.0801598 
  -2.1201122 
  -2.1599218 

 --- Rician pdf for K=8.00 partial coherent : a=Eb_N0+ 5.00 dB ---
  -0.7839841 
  -0.8118097 
  -0.8376703 
  -0.8670431 
  -0.8973202 
  -0.9285188 
  -0.9606590 
  -0.9937636 
  -1.0278563 
  -1.0629612 
  -1.0991016 
  -1.1362995 
  -1.1745750 
  -1.2111819 
  -1.2515445 
  -1.2930302 
  -1.3356476 
  -1.3794023 
  -1.4242966 
  -1.4703299 
  -1.5174983 
  -1.5657948 
  -1.

 